##TITLE= Parameter file, TopSpin 3.5 pl 5
##JCAMPDX= 5.0
##DATATYPE= Parameter Values
##NPOINTS= 2	$$ modification sequence number
##ORIGIN= Bruker BioSpin GmbH
##OWNER= nmr
$$ 2016-11-21 13:41:02.042 +0100  nmr@CZC60678L0
$$ /opt/topspin3.5pl5/data/marion/data/nmr/nmr/MP_HAP_benzoapyrene/24/pdata/1/clevels
$$ process /opt/topspin3.5pl5/prog/au/bin/clev
##$LEVELS= (0..255)
-186145.986934445 -168175.307837359 -151939.532148769 -137271.170937369
-124018.904784215 -112046.022765361 -101229.012136331 -91456.284169557
-82627.0230004626 -74650.145606851 -67443.3621926916 -60932.327283192 -55049.8727738154
-49735.3150213452 -44933.82882892 -40595.8818670427 -36676.7236960274 -33135.9241186186
-29936.9561004104 -27046.8189554528 -24435.6979098156 -22076.6565311514
-19945.3588513489 -18019.818315683 -16280.1709686092 -14708.4705363801
-13288.5032925452 -12005.6207964804 -10846.5887794709 -9799.45061944932
-8853.40399598982 -7998.689453125 7998.689453125 8853.40399598982 9799.45061944932
10846.5887794709 12005.6207964804 13288.5032925452 14708.4705363801 16280.1709686092
18019.818315683 19945.3588513489 22076.6565311514 24435.6979098156 27046.8189554528
29936.9561004104 33135.9241186186 36676.7236960274 40595.8818670427 44933.82882892
49735.3150213452 55049.8727738154 60932.327283192 67443.3621926916 74650.145606851
82627.0230004626 91456.284169557 101229.012136331 112046.022765361 124018.904784215
137271.170937369 151939.532148769 168175.307837359 186145.986934445 0 0
0 0 0 0 0 0 0 0 0 0 0 0 0 0 0 0 0 0 0 0 0 0 0 0 0 0 0 0 0 0 0 0 0 0 0 0
0 0 0 0 0 0 0 0 0 0 0 0 0 0 0 0 0 0 0 0 0 0 0 0 0 0 0 0 0 0 0 0 0 0 0 0
0 0 0 0 0 0 0 0 0 0 0 0 0 0 0 0 0 0 0 0 0 0 0 0 0 0 0 0 0 0 0 0 0 0 0 0
0 0 0 0 0 0 0 0 0 0 0 0 0 0 0 0 0 0 0 0 0 0 0 0 0 0 0 0 0 0 0 0 0 0 0 0
0 0 0 0 0 0 0 0 0 0 0 0 0 0 0 0 0 0 0 0 0 0 0 0 0 0 0 0 0 0 0 0 0 0 0 0
0 0 0 0 0 0 0 0 0 0
##$LEVSIGN= 0
##$MAXLEV= 32
##$METHOD= 0
##$NEGBASE= -7998.689453125
##$NEGINCR= 1.10685682296753
##$POSBASE= 7998.689453125
##$POSINCR= 1.10685682296753
##END=
