##TITLE= Parameter file, TOPSPIN		Version 2.1
##JCAMPDX= 5.0
##DATATYPE= Parameter Values
##NPOINTS= 17	$$ modification sequence number
##ORIGIN= Bruker BioSpin GmbH
##OWNER= nmr
$$ 2013-06-08 18:33:51.147 +0200  nmr@EP-10012183
$$ /opt/topspin/data/jeannerat/data/nmr/nmr/djhap_benapyr/12/pdata/1/clevels
$$ process /opt/topspin/prog/mod/proc2d
##$LEVELS= (0..255)
13164.16 -13164.16 14428.74 -14428.74 15814.78 -15814.78 17333.98 -17333.98
18999.1 -18999.1 20824.19 -20824.19 22824.59 -22824.59 25017.16 -25017.16
27420.35 -27420.35 30054.39 -30054.39 32941.46 -32941.46 36105.87 -36105.87
39574.25 -39574.25 43375.82 -43375.82 47542.57 -47542.57 52109.58 -52109.58
57115.31 -57115.31 62601.89 -62601.89 68615.53 -68615.53 75206.84 -75206.84
82431.33 -82431.33 90349.81 -90349.81 99028.95 -99028.95 108541.83 -108541.83
118968.53 -118968.53 130396.83 -130396.83 142922.95 -142922.95 156652.35
-156652.35 171700.62 -171700.62 188194.45 -188194.45 206272.7 -206272.7
226087.57 -226087.57 0 0 0 0 0 0 0 0 0 0 0 0 0 0 0 0 0 0 0 0 0 0 0 0 0
0 0 0 0 0 0 0 0 0 0 0 0 0 0 0 0 0 0 0 0 0 0 0 0 0 0 0 0 0 0 0 0 0 0 0 0
0 0 0 0 0 0 0 0 0 0 0 0 0 0 0 0 0 0 0 0 0 0 0 0 0 0 0 0 0 0 0 0 0 0 0 0
0 0 0 0 0 0 0 0 0 0 0 0 0 0 0 0 0 0 0 0 0 0 0 0 0 0 0 0 0 0 0 0 0 0 0 0
0 0 0 0 0 0 0 0 0 0 0 0 0 0 0 0 0 0 0 0 0 0 0 0 0 0 0 0 0 0 0 0 0 0 0 0
0 0 0 0 0 0 0 0 0 0 0 0 0 0 0 0 0 0 0 0 0 0 0
##$LEVSIGN= 3
##$MAXLEV= 32
##$METHOD= 0
##$NEGBASE= -13164.16
##$NEGINCR= 1.8
##$POSBASE= 13164.16
##$POSINCR= 1.8
##END=
