91
1 0 0
0 0 1
1 3.08769e+08 0
2 0 0
0 0 1
1 2.63529e+08 0
3 0 0
0 0 1
1 2.19316e+08 0
4 0 0
0 0 1
1 1.80329e+08 0
5 0 0
0 0 1
1 1.48058e+08 0
6 0 0
0 0 1
1 1.22345e+08 0
7 0 0
0 0 1
1 1.02251e+08 0
8 0 0
0 0 1
1 8.66125e+07 0
9 0 0
0 0 1
1 7.44133e+07 0
10 0 0
0 0 1
1 6.48703e+07 0
11 0 0
0 0 1
1 5.73375e+07 0
12 0 0
0 0 1
1 5.12756e+07 0
13 0 0
0 0 1
1 4.63173e+07 0
14 0 0
0 0 1
1 4.22467e+07 0
15 0 0
0 0 1
1 3.88848e+07 0
16 0 0
0 0 1
1 3.60526e+07 0
17 0 0
0 0 1
1 3.36285e+07 0
18 0 0
0 0 1
1 3.15517e+07 0
19 0 0
0 0 1
1 2.97547e+07 0
20 0 0
0 0 1
1 2.81539e+07 0
21 0 0
0 0 1
1 2.67068e+07 0
22 0 0
0 0 1
1 2.5415e+07 0
23 0 0
0 0 1
1 2.42653e+07 0
24 0 0
0 0 1
1 2.32188e+07 0
25 0 0
0 0 1
1 2.22566e+07 0
26 0 0
0 0 1
1 2.13834e+07 0
27 0 0
0 0 1
1 2.0584e+07 0
28 0 0
0 0 1
1 1.98216e+07 0
29 0 0
0 0 1
1 1.9085e+07 0
30 0 0
0 0 1
1 1.83922e+07 0
-1 0 0
