91
1 0 0
0 0 1
1 3.18541e+08 0
2 0 0
0 0 1
1 2.87273e+08 0
3 0 0
0 0 1
1 2.54016e+08 0
4 0 0
0 0 1
1 2.19327e+08 0
5 0 0
0 0 1
1 1.84748e+08 0
6 0 0
0 0 1
1 1.52359e+08 0
7 0 0
0 0 1
1 1.23811e+08 0
8 0 0
0 0 1
1 9.98928e+07 0
9 0 0
0 0 1
1 8.06224e+07 0
10 0 0
0 0 1
1 6.54719e+07 0
11 0 0
0 0 1
1 5.36574e+07 0
12 0 0
0 0 1
1 4.44318e+07 0
13 0 0
0 0 1
1 3.72117e+07 0
14 0 0
0 0 1
1 3.15266e+07 0
15 0 0
0 0 1
1 2.69814e+07 0
16 0 0
0 0 1
1 2.32966e+07 0
17 0 0
0 0 1
1 2.03022e+07 0
18 0 0
0 0 1
1 1.78579e+07 0
19 0 0
0 0 1
1 1.58241e+07 0
20 0 0
0 0 1
1 1.41082e+07 0
21 0 0
0 0 1
1 1.26715e+07 0
22 0 0
0 0 1
1 1.14694e+07 0
23 0 0
0 0 1
1 1.04348e+07 0
24 0 0
0 0 1
1 9.52465e+06 0
25 0 0
0 0 1
1 8.73215e+06 0
26 0 0
0 0 1
1 8.04116e+06 0
27 0 0
0 0 1
1 7.41454e+06 0
28 0 0
0 0 1
1 6.83565e+06 0
29 0 0
0 0 1
1 6.31793e+06 0
30 0 0
0 0 1
1 5.86406e+06 0
-1 0 0
