##TITLE= Parameter file, TopSpin 3.5 pl 5
##JCAMPDX= 5.0
##DATATYPE= Parameter Values
##NPOINTS= 3	$$ modification sequence number
##ORIGIN= Bruker BioSpin GmbH
##OWNER= nmr
$$ 2016-11-17 14:16:40.246 +0100  nmr@CZC60678L0
$$ /opt/topspin3.5pl5/data/marion/data/nmr/nmr/MP_HAP_benzoapyrene/23/pdata/1/clevels
$$ process /opt/topspin3.5pl5/prog/mod/proc2d
##$LEVELS= (0..255)
3606.36 4420.18 5417.65 6640.21 8138.65 9975.23 12226.26 14985.26 18366.86
22511.55 27591.55 33817.91 41449.32 50802.85 62267.11 76318.41 93540.56
114649.08 140520.99 172231.2 211097.2 258733.76 317120.07 388681.93 476392.57
583896.14 715659.16 877156.05 1075096.6 1317704.76 1615060.3 1979517.61
0 0 0 0 0 0 0 0 0 0 0 0 0 0 0 0 0 0 0 0 0 0 0 0 0 0 0 0 0 0 0 0 0 0 0 0
0 0 0 0 0 0 0 0 0 0 0 0 0 0 0 0 0 0 0 0 0 0 0 0 0 0 0 0 0 0 0 0 0 0 0 0
0 0 0 0 0 0 0 0 0 0 0 0 0 0 0 0 0 0 0 0 0 0 0 0 0 0 0 0 0 0 0 0 0 0 0 0
0 0 0 0 0 0 0 0 0 0 0 0 0 0 0 0 0 0 0 0 0 0 0 0 0 0 0 0 0 0 0 0 0 0 0 0
0 0 0 0 0 0 0 0 0 0 0 0 0 0 0 0 0 0 0 0 0 0 0 0 0 0 0 0 0 0 0 0 0 0 0 0
0 0 0 0 0 0 0 0 0 0 0 0 0 0 0 0 0 0 0 0 0 0 0 0 0 0 0 0 0 0 0 0 0 0 0 0
0 0 0 0 0 0 0 0
##$LEVSIGN= 1
##$MAXLEV= 32
##$METHOD= 0
##$NEGBASE= -3606.36
##$NEGINCR= 1.8
##$POSBASE= 3606.36
##$POSINCR= 1.8
##END=
